0.15625 0.234375 0
0.078125 0.3125 0
0.078125 0.390625 0
0.078125 0.46875 0
0.078125 0.546875 0
0.078125 0.625 0
0.078125 0.703125 0
0.078125 0.78125 0
0.078125 0.859375 0
0.078125 0.9375 0
0.078125 1.01562 0
0.078125 1.09375 0
0.078125 1.17188 0
0.078125 1.25 0
0.078125 1.32812 0
0.078125 1.40625 0
0.078125 1.48438 0
0.078125 1.5625 0
0.078125 1.64062 0
0.078125 1.71875 0
0.078125 1.79688 0
0.078125 1.875 0
0.078125 1.95312 0
0.078125 2.03125 0
0.078125 2.10938 0
0.078125 2.1875 0
0.078125 2.26562 0
0.078125 2.34375 0
0.078125 2.42188 0
0.078125 2.5 0
0.15625 2.57812 0
0.234375 2.65625 0
0.3125 2.73438 0
0.390625 2.8125 0
0.46875 2.89062 0
0.546875 2.96875 0
0.625 3.04688 0
0.703125 3.125 0
0.78125 3.20312 0
0.859375 3.28125 0
0.9375 3.35938 0
1.01562 3.4375 0
1.09375 3.51562 0
1.17188 3.59375 0
1.25 3.67188 0
1.32812 3.75 0
1.40625 3.82812 0
1.48438 3.90625 0
1.5625 3.98438 0
1.64062 4.0625 0
1.71875 4.14062 0
1.79688 4.21875 0
1.875 4.29688 0
1.95312 4.375 0
2.03125 4.45312 0
2.10938 4.53125 0
2.1875 4.60938 0
2.26562 4.6875 0
2.34375 4.76562 0
2.42188 4.84375 0
2.5 4.92188 0
2.57812 5 0
2.65625 5.07812 0
2.73438 5.15625 0
2.8125 5.23438 0
2.89062 5.3125 0
2.96875 5.39062 0
3.04688 5.46875 0
3.125 5.54688 0
3.20312 5.625 0
3.28125 5.70312 0
3.35938 5.78125 0
3.4375 5.85938 0
3.51562 5.9375 0
3.59375 6.01562 0
3.67188 6.09375 0
3.75 6.17188 0
3.82812 6.25 0.078125
3.90625 6.32812 0.234375
3.98438 6.40625 0.234375
4.0625 6.48438 0.3125
4.14062 6.5625 0.234375
4.21875 6.64062 0.15625
4.29688 6.71875 0
4.375 6.79688 0
4.45312 6.875 0
4.53125 6.95312 0
4.60938 7.03125 0
4.6875 7.10938 0
4.76562 7.1875 0
4.84375 7.26562 0
4.92188 7.34375 0
5 7.42188 0
5.07812 7.5 0
5.15625 7.57812 0
5.23438 7.57812 0
5.3125 7.57812 0
5.39062 7.57812 0
5.46875 7.65625 0
5.54688 7.73438 0
5.625 7.73438 0
5.70312 7.73438 0
5.78125 7.73438 0
5.85938 7.8125 0
5.9375 7.89062 0
6.01562 7.96875 0
6.09375 8.04688 0
6.17188 8.125 0
6.25 8.20312 0
6.32812 8.28125 0
6.40625 8.35938 0
6.48438 8.4375 0
6.5625 8.51562 0
6.64062 8.59375 0
6.71875 8.67188 0
6.79688 8.75 0
6.875 8.82812 0
6.95312 8.90625 0
7.03125 8.98438 0
